515
503
527
528
537
700
701
702
703
704
502
506
555
832
806
831
516
500
530
531
532
717
718
709
708
705
503
507
444
840
805
809
511
508
520
522
542
722
726
727
728
729
501
505
333
821
804
822
521
439
533
534
541
716
715
711
712
707
500
447
2138
823
2201
2204
611
507
524
525
526
714
719
710
713
706
509
2138
2140
2131
2133
838
538
447
536
612
540
721
720
723
724
725
508
814
833
806
818
824
608
607
603
604
605
227
229
231
233
235
504
2136
2137
2135
2134
839
609
606
602
610
601
228
230
232
234
360
439
816
888
812
819
825
2351
2302
2360
2361
2352
2363
2359
2356
2365
2370
2360
2358
837
817
829
813
2159
2158
2132
2139
836
815
835
831
820
826
2357
2364
2358
2355
2206
2209
2203
2257
2208
2212
2366
2369
2367
2368
2145
2149
2131
2153
2202
2205
2207
2211
2215
2216
2214
2219
2218
2258
2217
2210
2372
2375
2373
2371
2146
2150
2152
2154
2241
2243
2206
2208
2147
2151
2133
2157
739
740
741
742
743
744
748
